P0: 699.417 0 297.493 0 0 699.417 243.168 0 0 0 1 0
P1: 700.648 0 350.405 0 0 700.648 259.796 0 0 0 1 0
